n;q_time;q_c;q_s;q__c/n;q_s/n,m_time;m_c;m_s;m__c/n;m_s/n,i_time;i_c;i_s;i__c/n;i_s/n
100;0.000006;637.859985;291.440002;6.378600;2.914400;0.000010;542.020020;672.000000;5.420200;6.720000;0.000008;2483.679932;99.000000;24.836800;0.990000
200;0.000015;1549.880005;719.940002;7.749400;3.599700;0.000020;1280.540039;1544.000000;6.402700;7.720000;0.000026;9929.860352;199.000000;49.649300;0.995000
300;0.000021;2587.239990;1188.459961;8.624133;3.961533;0.000032;2099.840088;2488.000000;6.999467;8.293333;0.000052;22374.880859;299.000000;74.582932;0.996667
400;0.000034;3690.800049;1723.839966;9.227000;4.309600;0.000054;2959.939941;3488.000000;7.399850;8.720000;0.000116;40134.640625;399.000000;100.336601;0.997500
500;0.000040;4871.439941;2242.219971;9.742880;4.484440;0.000057;3854.719971;4488.000000;7.709440;8.976000;0.000154;61955.539062;499.000000;123.911079;0.998000
600;0.000048;6044.759766;2827.520020;10.074600;4.712533;0.000076;4793.399902;5576.000000;7.989000;9.293333;0.000229;89626.039062;599.000000;149.376740;0.998333
700;0.000058;7239.359863;3433.300049;10.341943;4.904714;0.000103;5751.939941;6676.000000;8.217057;9.537143;0.000317;122217.437500;699.000000;174.596344;0.998571
800;0.000062;8511.660156;3956.379883;10.639575;4.945475;0.000093;6721.759766;7776.000000;8.402200;9.720000;0.000363;160458.703125;799.000000;200.573380;0.998750
900;0.000073;9710.500000;4519.740234;10.789444;5.021934;0.000106;7709.000000;8876.000000;8.565556;9.862223;0.000461;203317.656250;899.000000;225.908508;0.998889
1000;0.000080;10940.799805;5042.359863;10.940800;5.042360;0.000121;8708.459961;9976.000000;8.708460;9.976000;0.000561;249245.015625;999.000000;249.245026;0.999000
1100;0.000091;12274.580078;5559.319824;11.158710;5.053927;0.000136;9741.839844;11152.000000;8.856218;10.138182;0.000694;302860.625000;1099.000000;275.327850;0.999091
1200;0.000099;13639.860352;6436.919922;11.366550;5.364100;0.000146;10786.179688;12352.000000;8.988483;10.293333;0.000806;361048.250000;1199.000000;300.873535;0.999167
1300;0.000111;14891.919922;7169.080078;11.455323;5.514677;0.000161;11834.500000;13552.000000;9.103461;10.424616;0.000975;422288.000000;1299.000000;324.836914;0.999231
1400;0.000120;16375.480469;7677.140137;11.696772;5.483672;0.000175;12894.360352;14752.000000;9.210258;10.537143;0.001094;489707.281250;1399.000000;349.790924;0.999286
1500;0.000131;18024.779297;8629.259766;12.016520;5.752840;0.000186;13958.000000;15952.000000;9.305333;10.634666;0.001271;561162.937500;1499.000000;374.108643;0.999333
1600;0.000138;19212.179688;8929.820312;12.007612;5.581138;0.000204;15029.799805;17152.000000;9.393625;10.720000;0.001440;638882.812500;1599.000000;399.301788;0.999375
1700;0.000145;20567.759766;9578.780273;12.098682;5.634576;0.000216;16128.280273;18352.000000;9.487224;10.795294;0.001614;722212.312500;1699.000000;424.830780;0.999412
1800;0.000154;21896.060547;10203.959961;12.164477;5.668867;0.000227;17214.939453;19552.000000;9.563855;10.862223;0.001805;810357.125000;1799.000000;450.198395;0.999444
1900;0.000163;23453.419922;10889.519531;12.343905;5.731326;0.000241;18309.320312;20752.000000;9.636484;10.922105;0.002113;901481.375000;1899.000000;474.463867;0.999474
2000;0.000173;24821.619141;11439.820312;12.410810;5.719910;0.000257;19409.259766;21952.000000;9.704630;10.976000;0.002316;999834.562500;1999.000000;499.917267;0.999500
2100;0.000187;26191.560547;12275.339844;12.472172;5.845400;0.000266;20531.939453;23204.000000;9.777114;11.049523;0.002655;1102951.000000;2099.000000;525.214783;0.999524
2200;0.000198;28201.640625;13165.700195;12.818927;5.984409;0.000293;21681.720703;24504.000000;9.855328;11.138182;0.002813;1202233.625000;2199.000000;546.469849;0.999545
2300;0.000214;29726.880859;13936.000000;12.924730;6.059131;0.000302;22811.800781;25804.000000;9.918174;11.219131;0.003027;1312992.000000;2299.000000;570.866089;0.999565
2400;0.000212;31051.740234;14364.099609;12.938225;5.985042;0.000313;23960.580078;27104.000000;9.983575;11.293333;0.003259;1438738.875000;2399.000000;599.474548;0.999583
2500;0.000223;32382.960938;14986.660156;12.953184;5.994664;0.000321;25119.300781;28404.000000;10.047720;11.361600;0.003469;1560565.625000;2499.000000;624.226257;0.999600
2600;0.000241;34398.601562;15875.179688;13.230230;6.105838;0.000351;26272.359375;29704.000000;10.104753;11.424616;0.003843;1686672.750000;2599.000000;648.720337;0.999615
2700;0.000254;35732.421875;16412.939453;13.234230;6.078866;0.000371;27428.779297;31004.000000;10.158808;11.482963;0.004248;1819599.875000;2699.000000;673.925842;0.999630
2800;0.000253;36767.218750;16872.439453;13.131150;6.025871;0.000369;28588.460938;32304.000000;10.210164;11.537143;0.004400;1954504.375000;2799.000000;698.037231;0.999643
2900;0.000266;38807.179688;17967.019531;13.381786;6.195524;0.000385;29758.179688;33604.000000;10.261441;11.587586;0.004685;2098600.250000;2899.000000;723.655273;0.999655
3000;0.000279;40269.800781;18707.000000;13.423266;6.235667;0.000397;30912.660156;34904.000000;10.304220;11.634666;0.005039;2245107.500000;2999.000000;748.369202;0.999667
3100;0.000293;41811.898438;19409.419922;13.487710;6.261103;0.000415;32095.480469;36204.000000;10.353380;11.678710;0.005525;2394719.750000;3099.000000;772.490295;0.999677
3200;0.000289;43943.558594;20039.220703;13.732363;6.262256;0.000424;33275.601562;37504.000000;10.398625;11.720000;0.005757;2559987.750000;3199.000000;799.996216;0.999687
3300;0.000305;44641.121094;20085.080078;13.527612;6.086388;0.000449;34463.000000;38804.000000;10.443334;11.758788;0.006166;2720897.500000;3299.000000;824.514404;0.999697
3400;0.000312;46803.960938;21721.320312;13.765871;6.388624;0.000451;35649.800781;40104.000000;10.485235;11.795294;0.006497;2881075.000000;3399.000000;847.374939;0.999706
3500;0.000324;48716.878906;22402.380859;13.919108;6.400680;0.000471;36845.378906;41404.000000;10.527251;11.829714;0.007131;3067586.500000;3499.000000;876.453308;0.999714
3600;0.000332;50261.019531;23330.820312;13.961394;6.480783;0.000477;38023.519531;42704.000000;10.562089;11.862223;0.007602;3228496.750000;3599.000000;896.804626;0.999722
3700;0.000348;51440.519531;23672.939453;13.902843;6.398092;0.000510;39222.300781;44004.000000;10.600621;11.892973;0.007760;3415931.000000;3699.000000;923.224548;0.999730
3800;0.000366;53628.378906;24770.419922;14.112732;6.518532;0.000542;40408.699219;45304.000000;10.633868;11.922105;0.008319;3614576.750000;3799.000000;951.204407;0.999737
3900;0.000378;54523.460938;25022.419922;13.980374;6.416005;0.000550;41620.941406;46604.000000;10.672036;11.949743;0.008925;3798789.750000;3899.000000;974.048645;0.999744
4000;0.000381;56662.621094;26526.439453;14.165655;6.631610;0.000543;42822.019531;47904.000000;10.705505;11.976000;0.008899;3996163.500000;3999.000000;999.040894;0.999750
4100;0.000393;58774.218750;27301.320312;14.335176;6.658858;0.000555;44020.199219;49208.000000;10.736634;12.001951;0.009376;4201639.500000;4099.000000;1024.790039;0.999756
4200;0.000404;59523.078125;27201.599609;14.172162;6.476572;0.000575;45267.359375;50608.000000;10.777943;12.049523;0.010036;4413283.000000;4199.000000;1050.781738;0.999762
4300;0.000408;61961.300781;28284.800781;14.409605;6.577860;0.000596;46509.058594;52008.000000;10.816060;12.094884;0.010307;4615705.000000;4299.000000;1073.419800;0.999767
4400;0.000415;63622.718750;28917.660156;14.459709;6.572196;0.000592;47741.738281;53408.000000;10.850395;12.138182;0.010723;4830812.500000;4399.000000;1097.911987;0.999773
4500;0.000457;65014.898438;29484.480469;14.447756;6.552107;0.000637;48979.921875;54808.000000;10.884427;12.179556;0.011690;5053761.500000;4499.000000;1123.058105;0.999778
4600;0.000440;66143.320312;29746.900391;14.378983;6.466717;0.000637;50227.121094;56208.000000;10.918940;12.219131;0.011993;5284034.000000;4599.000000;1148.703003;0.999783
4700;0.000448;68483.859375;30980.060547;14.571034;6.591502;0.000645;51477.300781;57608.000000;10.952617;12.257021;0.012313;5519402.000000;4699.000000;1174.340942;0.999787
4800;0.000475;71592.398438;32062.300781;14.915083;6.679646;0.000671;52729.121094;59008.000000;10.985233;12.293333;0.013201;5754978.000000;4799.000000;1198.953735;0.999792
4900;0.000502;72234.718750;32188.560547;14.741779;6.569094;0.000712;53973.699219;60408.000000;11.015040;12.328163;0.014484;5993270.000000;4899.000000;1223.116333;0.999796
5000;0.000497;74498.242188;34155.921875;14.899648;6.831184;0.000687;55224.179688;61808.000000;11.044836;12.361600;0.014053;6219819.500000;4999.000000;1243.963867;0.999800
5100;0.000488;75853.640625;33774.218750;14.873262;6.622396;0.000696;56478.941406;63208.000000;11.074302;12.393725;0.014582;6496302.500000;5099.000000;1273.784790;0.999804
5200;0.000503;77376.382812;34850.281250;14.880074;6.701977;0.000722;57734.101562;64608.000000;11.102712;12.424616;0.015395;6747142.000000;5199.000000;1297.527222;0.999808
5300;0.000514;79251.781250;35519.699219;14.953166;6.701830;0.000747;59000.320312;66008.000000;11.132135;12.454340;0.016039;6989296.500000;5299.000000;1318.735229;0.999811
5400;0.000540;80618.718750;35644.140625;14.929393;6.600767;0.000762;60249.320312;67408.000000;11.157282;12.482963;0.016645;7275525.000000;5399.000000;1347.319458;0.999815
5500;0.000794;83125.742188;36831.699219;15.113770;6.696673;0.000783;61517.140625;68808.000000;11.184935;12.510546;0.017501;7558818.500000;5499.000000;1374.330688;0.999818
5600;0.000551;85306.078125;37910.878906;15.233229;6.769800;0.000784;62778.859375;70208.000000;11.210510;12.537143;0.017552;7835126.000000;5599.000000;1399.129639;0.999821
5700;0.000573;86391.023438;38199.738281;15.156320;6.701709;0.000835;64034.199219;71608.000000;11.234070;12.562807;0.018751;8108295.500000;5699.000000;1422.508057;0.999825
5800;0.000556;89017.820312;39580.640625;15.347900;6.824248;0.000797;65312.398438;73008.000000;11.260758;12.587586;0.018664;8401748.000000;5799.000000;1448.577271;0.999828
5900;0.000576;91061.359375;40080.019531;15.434129;6.793224;0.000829;66564.281250;74408.000000;11.282082;12.611526;0.019654;8700764.000000;5899.000000;1474.705811;0.999830
6000;0.000579;91844.539062;40337.761719;15.307424;6.722960;0.000834;67836.078125;75808.000000;11.306013;12.634666;0.020034;8995667.000000;5999.000000;1499.277710;0.999833
6100;0.000603;94344.960938;40685.601562;15.466387;6.669771;0.000844;69098.703125;77208.000000;11.327656;12.657049;0.020922;9297580.000000;6099.000000;1524.193359;0.999836
6200;0.000609;95794.703125;42144.761719;15.450758;6.797542;0.000856;70385.320312;78608.000000;11.352471;12.678710;0.021316;9606372.000000;6199.000000;1549.414917;0.999839
6300;0.000616;97965.656250;43370.898438;15.550105;6.884270;0.000878;71659.718750;80008.000000;11.374558;12.699682;0.022041;9918548.000000;6299.000000;1574.372681;0.999841
6400;0.000628;100888.460938;44601.660156;15.763822;6.969009;0.000898;72946.820312;81408.000000;11.397941;12.720000;0.023153;10227322.000000;6399.000000;1598.019043;0.999844
6500;0.000650;102375.796875;44813.718750;15.750123;6.894418;0.000914;74229.640625;82808.000000;11.419945;12.739693;0.023474;10564826.000000;6499.000000;1625.357910;0.999846
6600;0.000660;105066.117188;45946.578125;15.919109;6.961603;0.000915;75522.296875;84208.000000;11.442773;12.758788;0.024372;10864844.000000;6599.000000;1646.188354;0.999848
6700;0.000657;107424.960938;46585.519531;16.033577;6.953063;0.000933;76798.460938;85608.000000;11.462457;12.777313;0.024894;11230097.000000;6699.000000;1676.133789;0.999851
6800;0.000673;108152.937500;46392.058594;15.904844;6.822362;0.000960;78112.437500;87008.000000;11.487123;12.795294;0.025938;11564228.000000;6799.000000;1700.621704;0.999853
6900;0.000691;109836.679688;47446.820312;15.918360;6.876351;0.000976;79394.382812;88408.000000;11.506432;12.812754;0.026728;11888814.000000;6899.000000;1723.016479;0.999855
7000;0.000687;111969.796875;47276.960938;15.995686;6.753851;0.000982;80681.476562;89808.000000;11.525926;12.829714;0.027174;12215397.000000;6999.000000;1745.056763;0.999857
7100;0.000698;113981.359375;49357.500000;16.053713;6.951761;0.000991;81967.781250;91208.000000;11.544758;12.846197;0.027765;12566990.000000;7099.000000;1769.998657;0.999859
7200;0.000708;114827.921875;49156.738281;15.948322;6.827325;0.001012;83265.078125;92608.000000;11.564594;12.862223;0.029425;12929042.000000;7199.000000;1795.700317;0.999861
7300;0.000732;117610.859375;50302.460938;16.111076;6.890748;0.001024;84549.320312;94008.000000;11.582099;12.877809;0.029930;13318152.000000;7299.000000;1824.404297;0.999863
7400;0.000780;120547.203125;51068.921875;16.290163;6.901206;0.001116;85840.578125;95408.000000;11.600079;12.892973;0.032499;13690824.000000;7399.000000;1850.111328;0.999865
7500;0.000794;122344.882812;51922.601562;16.312651;6.923013;0.001070;87147.703125;96808.000000;11.619694;12.907733;0.031891;14076073.000000;7499.000000;1876.809692;0.999867
7600;0.000761;122494.421875;52893.859375;16.117687;6.959718;0.001076;88446.640625;98208.000000;11.637715;12.922105;0.032359;14406432.000000;7599.000000;1895.583130;0.999868
7700;0.000765;126325.882812;53135.878906;16.405958;6.900764;0.001090;89740.937500;99608.000000;11.654668;12.936104;0.032695;14807785.000000;7699.000000;1923.088989;0.999870
7800;0.000784;128694.343750;53836.601562;16.499275;6.902128;0.001115;91050.757812;101008.000000;11.673174;12.949743;0.033907;15202908.000000;7799.000000;1949.090820;0.999872
7900;0.000863;130180.218750;55411.160156;16.478508;7.014071;0.001242;92341.281250;102408.000000;11.688769;12.963038;0.038690;15554008.000000;7899.000000;1968.861816;0.999873
8000;0.000984;132848.781250;55237.839844;16.606098;6.904730;0.001568;93638.023438;103808.000000;11.704753;12.976000;0.048704;15981678.000000;7999.000000;1997.709717;0.999875
8100;0.001021;133452.578125;55413.019531;16.475628;6.841114;0.001425;94934.156250;105208.000000;11.720266;12.988642;0.045924;16371196.000000;8099.000000;2021.135376;0.999877
8200;0.000848;137106.812500;57489.781250;16.720345;7.010949;0.001171;96247.242188;106616.000000;11.737469;13.001951;0.038998;16743438.000000;8199.000000;2041.882690;0.999878
8300;0.001121;138562.515625;57150.281250;16.694279;6.885576;0.001202;97581.476562;108116.000000;11.756804;13.026024;0.040186;17211242.000000;8299.000000;2073.643555;0.999880
8400;0.000851;139444.218750;57876.281250;16.600502;6.890033;0.001224;98925.117188;109616.000000;11.776800;13.049523;0.041145;17631664.000000;8399.000000;2099.007568;0.999881
8500;0.000957;142706.000000;59553.179688;16.788940;7.006257;0.001356;100261.757812;111116.000000;11.795501;13.072471;0.045576;18052042.000000;8499.000000;2123.769775;0.999882
8600;0.000914;145210.015625;60561.519531;16.884886;7.042037;0.001296;101598.960938;112616.000000;11.813832;13.094884;0.043480;18478018.000000;8599.000000;2148.606689;0.999884
8700;0.000898;147221.796875;60490.980469;16.922047;6.952986;0.001288;102953.101562;114116.000000;11.833690;13.116781;0.043595;18907362.000000;8699.000000;2173.260010;0.999885
8800;0.000916;149650.437500;62535.339844;17.005732;7.106288;0.001294;104297.101562;115616.000000;11.851943;13.138182;0.044882;19370384.000000;8799.000000;2201.180176;0.999886
8900;0.000950;151892.453125;62574.179688;17.066568;7.030807;0.001338;105635.617188;117116.000000;11.869171;13.159101;0.048788;19765356.000000;8899.000000;2220.826660;0.999888
9000;0.000996;154856.234375;63721.320312;17.206249;7.080147;0.001381;106982.476562;118616.000000;11.886942;13.179556;0.051780;20230786.000000;8999.000000;2247.864990;0.999889
9100;0.001001;157316.546875;64637.460938;17.287533;7.103018;0.001402;108327.757812;120116.000000;11.904149;13.199560;0.051947;20671912.000000;9099.000000;2271.638672;0.999890
9200;0.000946;158661.218750;63676.718750;17.245785;6.921382;0.001337;109654.296875;121616.000000;11.918945;13.219131;0.049324;21123290.000000;9199.000000;2296.009766;0.999891
9300;0.000953;161110.796875;66430.320312;17.323742;7.143045;0.001355;111006.218750;123116.000000;11.936152;13.238279;0.050063;21621832.000000;9299.000000;2324.928223;0.999892
9400;0.000977;164472.984375;67305.437500;17.497126;7.160153;0.001504;112360.039062;124616.000000;11.953196;13.257021;0.051160;22048942.000000;9399.000000;2345.632080;0.999894
9500;0.000995;165228.140625;65946.523438;17.392435;6.941739;0.001393;113703.937500;126116.000000;11.968836;13.275369;0.051703;22539070.000000;9499.000000;2372.533691;0.999895
9600;0.000969;167215.906250;67656.140625;17.418324;7.047514;0.001365;115035.859375;127616.000000;11.982903;13.293333;0.051146;22974684.000000;9599.000000;2393.196289;0.999896
9700;0.000976;169620.765625;66636.343750;17.486677;6.869726;0.001392;116399.140625;129116.000000;11.999911;13.310927;0.052483;23514206.000000;9699.000000;2424.145020;0.999897
9800;0.001011;172148.546875;68551.476562;17.566177;6.995049;0.001431;117720.656250;130616.000000;12.012312;13.328163;0.053507;24001024.000000;9799.000000;2449.083984;0.999898
9900;0.001057;173141.281250;69629.796875;17.489017;7.033313;0.001464;119089.179688;132116.000000;12.029210;13.345051;0.056004;24459766.000000;9899.000000;2470.683350;0.999899
10000;0.001036;173835.140625;68857.796875;17.383514;6.885780;0.001460;120440.859375;133616.000000;12.044086;13.361600;0.057378;25002094.000000;9999.000000;2500.209473;0.999900
