n;q_time;q_c;q_s;q__c/n;q_s/n,m_time;m_c;m_s;m__c/n;m_s/n,i_time;i_c;i_s;i__c/n;i_s/n;q_dual_time;q_dual_c;q_dual_s;q_dual__c/n;q_dual_s/n
100;0.000006;637.859985;291.440002;6.378600;2.914400;0.000011;542.020020;672.000000;5.420200;6.720000;0.000010;2483.679932;99.000000;24.836800;0.990000;0.000006;319.700012;289.660004;3.197000;2.896600
200;0.000014;1549.880005;719.940002;7.749400;3.599700;0.000023;1280.540039;1544.000000;6.402700;7.720000;0.000040;9929.860352;199.000000;49.649300;0.995000;0.000015;775.460022;645.700012;3.877300;3.228500
300;0.000024;2587.239990;1188.459961;8.624133;3.961533;0.000032;2099.840088;2488.000000;6.999467;8.293333;0.000092;22374.880859;299.000000;74.582932;0.996667;0.000023;1262.979980;1050.599976;4.209933;3.502000
400;0.000030;3690.800049;1723.839966;9.227000;4.309600;0.000048;2959.939941;3488.000000;7.399850;8.720000;0.000196;40134.640625;399.000000;100.336601;0.997500;0.000031;1774.300049;1473.859985;4.435750;3.684650
500;0.000041;4871.439941;2242.219971;9.742880;4.484440;0.000061;3854.719971;4488.000000;7.709440;8.976000;0.000351;61955.539062;499.000000;123.911079;0.998000;0.000040;2323.120117;1896.540039;4.646240;3.793080
600;0.000047;6044.759766;2827.520020;10.074600;4.712533;0.000078;4793.399902;5576.000000;7.989000;9.293333;0.000579;89626.039062;599.000000;149.376740;0.998333;0.000050;2890.379883;2276.479980;4.817300;3.794133
700;0.000055;7239.359863;3433.300049;10.341943;4.904714;0.000090;5751.939941;6676.000000;8.217057;9.537143;0.000857;122217.437500;699.000000;174.596344;0.998571;0.000053;3451.100098;2792.379883;4.930143;3.989114
800;0.000064;8511.660156;3956.379883;10.639575;4.945475;0.000097;6721.759766;7776.000000;8.402200;9.720000;0.001225;160458.703125;799.000000;200.573380;0.998750;0.000062;4014.060059;3218.620117;5.017575;4.023275
900;0.000078;9710.500000;4519.740234;10.789444;5.021934;0.000156;7709.000000;8876.000000;8.565556;9.862223;0.001739;203317.656250;899.000000;225.908508;0.998889;0.000073;4758.040039;3677.780029;5.286711;4.086422
1000;0.000214;10940.799805;5042.359863;10.940800;5.042360;0.000126;8708.459961;9976.000000;8.708460;9.976000;0.002315;249245.015625;999.000000;249.245026;0.999000;0.000083;5217.680176;4112.180176;5.217680;4.112180
1100;0.000089;12274.580078;5559.319824;11.158710;5.053927;0.000135;9741.839844;11152.000000;8.856218;10.138182;0.002996;302860.625000;1099.000000;275.327850;0.999091;0.000228;5823.500000;4514.060059;5.294091;4.103691
1200;0.000100;13639.860352;6436.919922;11.366550;5.364100;0.000148;10786.179688;12352.000000;8.988483;10.293333;0.003798;361048.250000;1199.000000;300.873535;0.999167;0.000098;6554.939941;5126.600098;5.462450;4.272167
1300;0.000108;14891.919922;7169.080078;11.455323;5.514677;0.000160;11834.500000;13552.000000;9.103461;10.424616;0.004733;422288.000000;1299.000000;324.836914;0.999231;0.000107;7232.020020;5595.580078;5.563092;4.304292
1400;0.000116;16375.480469;7677.140137;11.696772;5.483672;0.000177;12894.360352;14752.000000;9.210258;10.537143;0.005813;489707.281250;1399.000000;349.790924;0.999286;0.000115;7823.279785;6101.700195;5.588057;4.358357
1500;0.000126;18024.779297;8629.259766;12.016520;5.752840;0.000187;13958.000000;15952.000000;9.305333;10.634666;0.007047;561162.937500;1499.000000;374.108643;0.999333;0.000126;8478.360352;6714.020020;5.652240;4.476013
1600;0.000134;19212.179688;8929.820312;12.007612;5.581138;0.000206;15029.799805;17152.000000;9.393625;10.720000;0.008471;638882.812500;1599.000000;399.301788;0.999375;0.000136;9151.620117;6976.339844;5.719762;4.360212
1700;0.000144;20567.759766;9578.780273;12.098682;5.634576;0.000214;16128.280273;18352.000000;9.487224;10.795294;0.010364;722212.312500;1699.000000;424.830780;0.999412;0.000142;9637.179688;7478.600098;5.668930;4.399177
1800;0.000160;21896.060547;10203.959961;12.164477;5.668867;0.000237;17214.939453;19552.000000;9.563855;10.862223;0.012237;810357.125000;1799.000000;450.198395;0.999444;0.000153;10293.080078;8023.419922;5.718378;4.457456
1900;0.000165;23453.419922;10889.519531;12.343905;5.731326;0.000245;18309.320312;20752.000000;9.636484;10.922105;0.014261;901481.375000;1899.000000;474.463867;0.999474;0.000161;11040.660156;8455.360352;5.810874;4.450190
2000;0.000174;24821.619141;11439.820312;12.410810;5.719910;0.000258;19409.259766;21952.000000;9.704630;10.976000;0.016513;999834.562500;1999.000000;499.917267;0.999500;0.000172;11702.860352;8962.000000;5.851430;4.481000
2100;0.000192;26191.560547;12275.339844;12.472172;5.845400;0.000287;20531.939453;23204.000000;9.777114;11.049523;0.019158;1102951.000000;2099.000000;525.214783;0.999524;0.000185;12415.980469;9443.299805;5.912372;4.496809
2200;0.000198;28201.640625;13165.700195;12.818927;5.984409;0.000292;21681.720703;24504.000000;9.855328;11.138182;0.021913;1202233.625000;2199.000000;546.469849;0.999545;0.000193;13279.379883;9959.299805;6.036082;4.526955
2300;0.000204;29726.880859;13936.000000;12.924730;6.059131;0.000304;22811.800781;25804.000000;9.918174;11.219131;0.024830;1312992.000000;2299.000000;570.866089;0.999565;0.000201;13975.740234;10679.080078;6.076409;4.643078
2400;0.000220;31051.740234;14364.099609;12.938225;5.985042;0.000329;23960.580078;27104.000000;9.983575;11.293333;0.028100;1438738.875000;2399.000000;599.474548;0.999583;0.000209;14558.700195;10831.879883;6.066125;4.513283
2500;0.000223;32382.960938;14986.660156;12.953184;5.994664;0.000329;25119.300781;28404.000000;10.047720;11.361600;0.031578;1560565.625000;2499.000000;624.226257;0.999600;0.000219;15323.440430;11553.360352;6.129376;4.621344
2600;0.000233;34398.601562;15875.179688;13.230230;6.105838;0.000343;26272.359375;29704.000000;10.104753;11.424616;0.035320;1686672.750000;2599.000000;648.720337;0.999615;0.000230;15861.959961;11809.700195;6.100754;4.542192
2700;0.000247;35732.421875;16412.939453;13.234230;6.078866;0.000360;27428.779297;31004.000000;10.158808;11.482963;0.039399;1819599.875000;2699.000000;673.925842;0.999630;0.000234;16875.779297;12557.280273;6.250289;4.650845
2800;0.000255;36767.218750;16872.439453;13.131150;6.025871;0.000381;28588.460938;32304.000000;10.210164;11.537143;0.043796;1954504.375000;2799.000000;698.037231;0.999643;0.000249;17384.740234;12962.940430;6.208836;4.629622
2900;0.000275;38807.179688;17967.019531;13.381786;6.195524;0.000397;29758.179688;33604.000000;10.261441;11.587586;0.048659;2098600.250000;2899.000000;723.655273;0.999655;0.000264;18118.839844;13668.019531;6.247876;4.713110
3000;0.000273;40269.800781;18707.000000;13.423266;6.235667;0.000400;30912.660156;34904.000000;10.304220;11.634666;0.053600;2245107.500000;2999.000000;748.369202;0.999667;0.000260;18873.900391;14084.759766;6.291300;4.694920
3100;0.000282;41811.898438;19409.419922;13.487710;6.261103;0.000408;32095.480469;36204.000000;10.353380;11.678710;0.058871;2394719.750000;3099.000000;772.490295;0.999677;0.000270;19353.039062;14555.900391;6.242916;4.695452
3200;0.000288;43943.558594;20039.220703;13.732363;6.262256;0.000423;33275.601562;37504.000000;10.398625;11.720000;0.064493;2559987.750000;3199.000000;799.996216;0.999687;0.000280;20559.539062;15026.500000;6.424856;4.695781
3300;0.000299;44641.121094;20085.080078;13.527612;6.086388;0.000439;34463.000000;38804.000000;10.443334;11.758788;0.070517;2720897.500000;3299.000000;824.514404;0.999697;0.000290;21121.220703;15542.179688;6.400370;4.709752
3400;0.000307;46803.960938;21721.320312;13.765871;6.388624;0.000458;35649.800781;40104.000000;10.485235;11.795294;0.076836;2881075.000000;3399.000000;847.374939;0.999706;0.000303;21821.060547;16177.320312;6.417959;4.758035
3500;0.000322;48716.878906;22402.380859;13.919108;6.400680;0.000710;36845.378906;41404.000000;10.527251;11.829714;0.083609;3067586.500000;3499.000000;876.453308;0.999714;0.000312;22511.679688;16729.300781;6.431909;4.779800
3600;0.000329;50261.019531;23330.820312;13.961394;6.480783;0.000477;38023.519531;42704.000000;10.562089;11.862223;0.090871;3228496.750000;3599.000000;896.804626;0.999722;0.000318;23014.300781;17185.859375;6.392861;4.773850
3700;0.000338;51440.519531;23672.939453;13.902843;6.398092;0.000498;39222.300781;44004.000000;10.600621;11.892973;0.098349;3415931.000000;3699.000000;923.224548;0.999730;0.000329;24179.060547;18127.880859;6.534881;4.899427
3800;0.000362;53628.378906;24770.419922;14.112732;6.518532;0.000532;40408.699219;45304.000000;10.633868;11.922105;0.106608;3614576.750000;3799.000000;951.204407;0.999737;0.000348;24330.839844;18155.380859;6.402853;4.777731
3900;0.000382;54523.460938;25022.419922;13.980374;6.416005;0.000554;41620.941406;46604.000000;10.672036;11.949743;0.115605;3798789.750000;3899.000000;974.048645;0.999744;0.000369;25566.160156;18886.500000;6.555426;4.842692
4000;0.000379;56662.621094;26526.439453;14.165655;6.631610;0.000561;42822.019531;47904.000000;10.705505;11.976000;0.124627;3996163.500000;3999.000000;999.040894;0.999750;0.000369;26772.279297;19692.400391;6.693070;4.923100
4100;0.000417;58774.218750;27301.320312;14.335176;6.658858;0.000605;44020.199219;49208.000000;10.736634;12.001951;0.134785;4201639.500000;4099.000000;1024.790039;0.999756;0.000396;27311.919922;20235.199219;6.661444;4.935415
4200;0.000406;59523.078125;27201.599609;14.172162;6.476572;0.000593;45267.359375;50608.000000;10.777943;12.049523;0.144894;4413283.000000;4199.000000;1050.781738;0.999762;0.000385;27919.019531;20530.740234;6.647386;4.888271
4300;0.000407;61961.300781;28284.800781;14.409605;6.577860;0.000592;46509.058594;52008.000000;10.816060;12.094884;0.155469;4615705.000000;4299.000000;1073.419800;0.999767;0.000387;28248.820312;20853.179688;6.569493;4.849577
4400;0.000408;63622.718750;28917.660156;14.459709;6.572196;0.000610;47741.738281;53408.000000;10.850395;12.138182;0.166175;4830812.500000;4399.000000;1097.911987;0.999773;0.000401;29647.939453;21624.820312;6.738168;4.914732
4500;0.000427;65014.898438;29484.480469;14.447756;6.552107;0.000621;48979.921875;54808.000000;10.884427;12.179556;0.177322;5053761.500000;4499.000000;1123.058105;0.999778;0.000408;29819.060547;21856.220703;6.626458;4.856938
4600;0.000437;66143.320312;29746.900391;14.378983;6.466717;0.000646;50227.121094;56208.000000;10.918940;12.219131;0.189113;5284034.000000;4599.000000;1148.703003;0.999783;0.000422;30975.500000;22548.900391;6.733804;4.901935
4700;0.000451;68483.859375;30980.060547;14.571034;6.591502;0.000653;51477.300781;57608.000000;10.952617;12.257021;0.201325;5519402.000000;4699.000000;1174.340942;0.999787;0.000430;31852.019531;23367.859375;6.777026;4.971885
4800;0.000466;71592.398438;32062.300781;14.915083;6.679646;0.000681;52729.121094;59008.000000;10.985233;12.293333;0.215425;5754978.000000;4799.000000;1198.953735;0.999792;0.000438;32586.160156;23503.439453;6.788784;4.896550
4900;0.000485;72234.718750;32188.560547;14.741779;6.569094;0.000706;53973.699219;60408.000000;11.015040;12.328163;0.229384;5993270.000000;4899.000000;1223.116333;0.999796;0.000459;33460.218750;24574.699219;6.828616;5.015245
5000;0.000482;74498.242188;34155.921875;14.899648;6.831184;0.000695;55224.179688;61808.000000;11.044836;12.361600;0.243634;6219819.500000;4999.000000;1243.963867;0.999800;0.000458;33953.179688;24858.400391;6.790636;4.971680
5100;0.000500;75853.640625;33774.218750;14.873262;6.622396;0.000726;56478.941406;63208.000000;11.074302;12.393725;0.258311;6496302.500000;5099.000000;1273.784790;0.999804;0.000472;34665.718750;25427.800781;6.797200;4.985843
5200;0.000517;77376.382812;34850.281250;14.880074;6.701977;0.000747;57734.101562;64608.000000;11.102712;12.424616;0.273878;6747142.000000;5199.000000;1297.527222;0.999808;0.000489;36002.980469;25719.000000;6.923650;4.945961
5300;0.000528;79251.781250;35519.699219;14.953166;6.701830;0.000762;59000.320312;66008.000000;11.132135;12.454340;0.290067;6989296.500000;5299.000000;1318.735229;0.999811;0.000497;36843.761719;26506.460938;6.951653;5.001219
5400;0.000546;80618.718750;35644.140625;14.929393;6.600767;0.000782;60249.320312;67408.000000;11.157282;12.482963;0.307079;7275525.000000;5399.000000;1347.319458;0.999815;0.000509;37553.718750;27075.839844;6.954392;5.014044
5500;0.000542;83125.742188;36831.699219;15.113770;6.696673;0.000786;61517.140625;68808.000000;11.184935;12.510546;0.324935;7558818.500000;5499.000000;1374.330688;0.999818;0.000514;38047.378906;27445.359375;6.917706;4.990066
5600;0.000563;85306.078125;37910.878906;15.233229;6.769800;0.000832;62778.859375;70208.000000;11.210510;12.537143;0.343381;7835126.000000;5599.000000;1399.129639;0.999821;0.000523;39207.859375;28208.919922;7.001404;5.037307
5700;0.000603;86391.023438;38199.738281;15.156320;6.701709;0.000852;64034.199219;71608.000000;11.234070;12.562807;0.362610;8108295.500000;5699.000000;1422.508057;0.999825;0.000545;39556.539062;28336.580078;6.939744;4.971330
5800;0.000584;89017.820312;39580.640625;15.347900;6.824248;0.000838;65312.398438;73008.000000;11.260758;12.587586;0.382317;8401748.000000;5799.000000;1448.577271;0.999828;0.000544;40655.761719;29051.179688;7.009614;5.008824
5900;0.000579;91061.359375;40080.019531;15.434129;6.793224;0.000838;66564.281250;74408.000000;11.282082;12.611526;0.402152;8700764.000000;5899.000000;1474.705811;0.999830;0.000556;41972.398438;30288.160156;7.113966;5.133586
6000;0.000590;91844.539062;40337.761719;15.307424;6.722960;0.000865;67836.078125;75808.000000;11.306013;12.634666;0.422442;8995667.000000;5999.000000;1499.277710;0.999833;0.000561;42132.238281;30582.080078;7.022040;5.097013
6100;0.000600;94344.960938;40685.601562;15.466387;6.669771;0.000852;69098.703125;77208.000000;11.327656;12.657049;0.443025;9297580.000000;6099.000000;1524.193359;0.999836;0.000566;42625.121094;30779.220703;6.987725;5.045774
6200;0.000616;95794.703125;42144.761719;15.450758;6.797542;0.000901;70385.320312;78608.000000;11.352471;12.678710;0.465723;9606372.000000;6199.000000;1549.414917;0.999839;0.000582;43044.820312;31210.339844;6.942713;5.033926
6300;0.000641;97965.656250;43370.898438;15.550105;6.884270;0.000913;71659.718750;80008.000000;11.374558;12.699682;0.489176;9918548.000000;6299.000000;1574.372681;0.999841;0.000681;44278.878906;32070.400391;7.028394;5.090539
6400;0.000736;100888.460938;44601.660156;15.763822;6.969009;0.001023;72946.820312;81408.000000;11.397941;12.720000;0.516008;10227322.000000;6399.000000;1598.019043;0.999844;0.000634;44669.480469;32240.939453;6.979606;5.037647
6500;0.000686;102375.796875;44813.718750;15.750123;6.894418;0.000982;74229.640625;82808.000000;11.419945;12.739693;0.543321;10564826.000000;6499.000000;1625.357910;0.999846;0.000634;46446.660156;32782.121094;7.145640;5.043403
6600;0.000778;105066.117188;45946.578125;15.919109;6.961603;0.001065;75522.296875;84208.000000;11.442773;12.758788;0.574393;10864844.000000;6599.000000;1646.188354;0.999848;0.000692;46742.359375;33556.558594;7.082176;5.084327
6700;0.000700;107424.960938;46585.519531;16.033577;6.953063;0.001008;76798.460938;85608.000000;11.462457;12.777313;0.601072;11230097.000000;6699.000000;1676.133789;0.999851;0.000656;47863.679688;34694.761719;7.143833;5.178322
6800;0.000704;108152.937500;46392.058594;15.904844;6.822362;0.000991;78112.437500;87008.000000;11.487123;12.795294;0.627895;11564228.000000;6799.000000;1700.621704;0.999853;0.000641;48277.441406;34181.660156;7.099624;5.026715
6900;0.000722;109836.679688;47446.820312;15.918360;6.876351;0.001031;79394.382812;88408.000000;11.506432;12.812754;0.655680;11888814.000000;6899.000000;1723.016479;0.999855;0.000668;49435.199219;35745.820312;7.164522;5.180553
7000;0.000741;111969.796875;47276.960938;15.995686;6.753851;0.001078;80681.476562;89808.000000;11.525926;12.829714;0.686815;12215397.000000;6999.000000;1745.056763;0.999857;0.000687;50161.039062;35874.320312;7.165863;5.124903
7100;0.000795;113981.359375;49357.500000;16.053713;6.951761;0.001128;81967.781250;91208.000000;11.544758;12.846197;0.719974;12566990.000000;7099.000000;1769.998657;0.999859;0.000729;51052.601562;36297.578125;7.190507;5.112335
7200;0.000977;114827.921875;49156.738281;15.948322;6.827325;0.001110;83265.078125;92608.000000;11.564594;12.862223;0.751713;12929042.000000;7199.000000;1795.700317;0.999861;0.000713;52133.781250;37241.121094;7.240803;5.172378
7300;0.000764;117610.859375;50302.460938;16.111076;6.890748;0.001125;84549.320312;94008.000000;11.582099;12.877809;0.785734;13318152.000000;7299.000000;1824.404297;0.999863;0.000699;53041.578125;38100.960938;7.265970;5.219310
7400;0.000750;120547.203125;51068.921875;16.290163;6.901206;0.001094;85840.578125;95408.000000;11.600079;12.892973;0.817257;13690824.000000;7399.000000;1850.111328;0.999865;0.000703;53419.878906;38478.398438;7.218903;5.199784
7500;0.000754;122344.882812;51922.601562;16.312651;6.923013;0.001088;87147.703125;96808.000000;11.619694;12.907733;0.849985;14076073.000000;7499.000000;1876.809692;0.999867;0.000704;54016.078125;38598.000000;7.202144;5.146400
7600;0.000802;122494.421875;52893.859375;16.117687;6.959718;0.001125;88446.640625;98208.000000;11.637715;12.922105;0.883698;14406432.000000;7599.000000;1895.583130;0.999868;0.000738;55439.921875;40375.921875;7.294726;5.312621
7700;0.000800;126325.882812;53135.878906;16.405958;6.900764;0.001123;89740.937500;99608.000000;11.654668;12.936104;0.918218;14807785.000000;7699.000000;1923.088989;0.999870;0.000733;55714.398438;40087.339844;7.235636;5.206148
7800;0.000812;128694.343750;53836.601562;16.499275;6.902128;0.001154;91050.757812;101008.000000;11.673174;12.949743;0.954435;15202908.000000;7799.000000;1949.090820;0.999872;0.000754;57416.019531;40328.160156;7.361028;5.170277
7900;0.000818;130180.218750;55411.160156;16.478508;7.014071;0.001195;92341.281250;102408.000000;11.688769;12.963038;0.991006;15554008.000000;7899.000000;1968.861816;0.999873;0.000746;57618.339844;41212.519531;7.293461;5.216774
8000;0.000909;132848.781250;55237.839844;16.606098;6.904730;0.001256;93638.023438;103808.000000;11.704753;12.976000;1.033019;15981678.000000;7999.000000;1997.709717;0.999875;0.000813;57935.519531;41515.578125;7.241940;5.189447
8100;0.000842;133452.578125;55413.019531;16.475628;6.841114;0.001213;94934.156250;105208.000000;11.720266;12.988642;1.073116;16371196.000000;8099.000000;2021.135376;0.999877;0.000807;60051.238281;42313.941406;7.413733;5.223943
8200;0.000871;137106.812500;57489.781250;16.720345;7.010949;0.001264;96247.242188;106616.000000;11.737469;13.001951;1.113765;16743438.000000;8199.000000;2041.882690;0.999878;0.000797;59737.859375;42963.718750;7.285105;5.239478
8300;0.000888;138562.515625;57150.281250;16.694279;6.885576;0.001414;97581.476562;108116.000000;11.756804;13.026024;1.157434;17211242.000000;8299.000000;2073.643555;0.999880;0.000874;60510.121094;43017.441406;7.290376;5.182824
8400;0.000865;139444.218750;57876.281250;16.600502;6.890033;0.001249;98925.117188;109616.000000;11.776800;13.049523;1.199651;17631664.000000;8399.000000;2099.007568;0.999881;0.000806;61667.781250;43934.898438;7.341403;5.230345
8500;0.000939;142706.000000;59553.179688;16.788940;7.006257;0.001348;100261.757812;111116.000000;11.795501;13.072471;1.246424;18052042.000000;8499.000000;2123.769775;0.999882;0.000848;63026.898438;44775.019531;7.414929;5.267649
8600;0.000926;145210.015625;60561.519531;16.884886;7.042037;0.001351;101598.960938;112616.000000;11.813832;13.094884;1.292896;18478018.000000;8599.000000;2148.606689;0.999884;0.000842;63136.699219;44617.058594;7.341477;5.188030
8700;0.000906;147221.796875;60490.980469;16.922047;6.952986;0.001361;102953.101562;114116.000000;11.833690;13.116781;1.337686;18907362.000000;8699.000000;2173.260010;0.999885;0.000839;64426.339844;45826.898438;7.405326;5.267460
8800;0.000950;149650.437500;62535.339844;17.005732;7.106288;0.001323;104297.101562;115616.000000;11.851943;13.138182;1.383894;19370384.000000;8799.000000;2201.180176;0.999886;0.000870;65305.480469;47045.921875;7.421077;5.346128
8900;0.001082;151892.453125;62574.179688;17.066568;7.030807;0.001321;105635.617188;117116.000000;11.869171;13.159101;1.430109;19765356.000000;8899.000000;2220.826660;0.999888;0.000860;65902.703125;46691.058594;7.404798;5.246187
9000;0.000963;154856.234375;63721.320312;17.206249;7.080147;0.001401;106982.476562;118616.000000;11.886942;13.179556;1.478493;20230786.000000;8999.000000;2247.864990;0.999889;0.000889;67135.617188;47666.718750;7.459513;5.296302
9100;0.000969;157316.546875;64637.460938;17.287533;7.103018;0.001361;108327.757812;120116.000000;11.904149;13.199560;1.527081;20671912.000000;9099.000000;2271.638672;0.999890;0.000884;68610.640625;48244.601562;7.539631;5.301604
9200;0.000973;158661.218750;63676.718750;17.245785;6.921382;0.001409;109654.296875;121616.000000;11.918945;13.219131;1.576781;21123290.000000;9199.000000;2296.009766;0.999891;0.000889;68678.757812;48169.660156;7.465083;5.235833
9300;0.000964;161110.796875;66430.320312;17.323742;7.143045;0.001384;111006.218750;123116.000000;11.936152;13.238279;1.627712;21621832.000000;9299.000000;2324.928223;0.999892;0.000929;70667.101562;49812.218750;7.598613;5.356153
9400;0.001045;164472.984375;67305.437500;17.497126;7.160153;0.001436;112360.039062;124616.000000;11.953196;13.257021;1.680067;22048942.000000;9399.000000;2345.632080;0.999894;0.000941;70724.062500;49426.261719;7.523836;5.258113
9500;0.001006;165228.140625;65946.523438;17.392435;6.941739;0.001444;113703.937500;126116.000000;11.968836;13.275369;1.733270;22539070.000000;9499.000000;2372.533691;0.999895;0.000923;70967.281250;50098.339844;7.470240;5.273510
9600;0.001055;167215.906250;67656.140625;17.418324;7.047514;0.001474;115035.859375;127616.000000;11.982903;13.293333;1.789007;22974684.000000;9599.000000;2393.196289;0.999896;0.000955;72110.023438;50772.660156;7.511460;5.288819
9700;0.001026;169620.765625;66636.343750;17.486677;6.869726;0.001498;116399.140625;129116.000000;11.999911;13.310927;1.844741;23514206.000000;9699.000000;2424.145020;0.999897;0.000957;72591.539062;50911.320312;7.483664;5.248590
9800;0.001013;172148.546875;68551.476562;17.566177;6.995049;0.001484;117720.656250;130616.000000;12.012312;13.328163;1.902224;24001024.000000;9799.000000;2449.083984;0.999898;0.000941;74205.062500;51828.000000;7.571945;5.288571
9900;0.001214;173141.281250;69629.796875;17.489017;7.033313;0.001606;119089.179688;132116.000000;12.029210;13.345051;1.964748;24459766.000000;9899.000000;2470.683350;0.999899;0.001023;75389.757812;53648.539062;7.615127;5.419044
10000;0.001110;173835.140625;68857.796875;17.383514;6.885780;0.001546;120440.859375;133616.000000;12.044086;13.361600;2.025802;25002094.000000;9999.000000;2500.209473;0.999900;0.000997;75582.320312;53827.500000;7.558232;5.382750
