n;q_time;q_c;q_s;q__c/n;q_s/n,m_time;m_c;m_s;m__c/n;m_s/n,i_time;i_c;i_s;i__c/n;i_s/n;q_dual_time;q_dual_c;q_dual_s;q_dual__c/n;q_dual_s/n
100;0.000006;637.479980;290.290009;6.374800;2.902900;0.000010;541.119995;672.000000;5.411200;6.720000;0.000009;2493.239990;99.000000;24.932400;0.990000;0.000006;318.140015;284.959991;3.181400;2.849600
200;0.000014;1532.000000;699.010010;7.660000;3.495050;0.000021;1282.560059;1544.000000;6.412800;7.720000;0.000035;9906.500000;199.000000;49.532501;0.995000;0.000014;760.409973;643.010010;3.802050;3.215050
300;0.000021;2585.610107;1209.939941;8.618700;4.033134;0.000032;2095.350098;2488.000000;6.984500;8.293333;0.000089;22424.380859;299.000000;74.747932;0.996667;0.000021;1258.530029;1040.109985;4.195100;3.467033
400;0.000028;3621.830078;1710.020020;9.054575;4.275050;0.000047;2962.620117;3488.000000;7.406550;8.720000;0.000188;39774.019531;399.000000;99.435051;0.997500;0.000030;1751.640015;1448.619995;4.379100;3.621550
500;0.000037;4818.500000;2254.270020;9.637000;4.508540;0.000061;3855.760010;4488.000000;7.711520;8.976000;0.000343;62675.101562;499.000000;125.350197;0.998000;0.000040;2318.659912;1891.530029;4.637320;3.783060
600;0.000048;6039.890137;2790.229980;10.066483;4.650383;0.000073;4792.189941;5576.000000;7.986983;9.293333;0.000558;90221.046875;599.000000;150.368423;0.998333;0.000046;2851.280029;2277.860107;4.752133;3.796433
700;0.000053;7111.609863;3317.350098;10.159443;4.739071;0.000081;5749.169922;6676.000000;8.213100;9.537143;0.000838;122743.632812;699.000000;175.348038;0.998571;0.000060;3487.159912;2769.350098;4.981657;3.956214
800;0.000063;8334.849609;3841.270020;10.418563;4.801588;0.000095;6720.879883;7776.000000;8.401100;9.720000;0.001197;159435.453125;799.000000;199.294327;0.998750;0.000062;3977.250000;3168.159912;4.971562;3.960200
900;0.000073;9604.320312;4514.080078;10.671467;5.015645;0.000113;7709.339844;8876.000000;8.565933;9.862223;0.001675;201874.437500;899.000000;224.304932;0.998889;0.000073;4667.430176;3660.479980;5.186033;4.067200
1000;0.000084;10957.559570;5158.540039;10.957560;5.158540;0.000123;8706.009766;9976.000000;8.706010;9.976000;0.002244;249381.046875;999.000000;249.381042;0.999000;0.000081;5301.149902;4172.620117;5.301150;4.172620
1100;0.000088;12293.759766;5813.729980;11.176146;5.285209;0.000138;9735.639648;11152.000000;8.850582;10.138182;0.002920;302169.375000;1099.000000;274.699432;0.999091;0.000090;5918.930176;4645.879883;5.380846;4.223527
1200;0.000101;13669.589844;6476.140137;11.391325;5.396783;0.000149;10783.349609;12352.000000;8.986125;10.293333;0.003724;359128.906250;1199.000000;299.274109;0.999167;0.000097;6555.379883;5094.939941;5.462817;4.245783
1300;0.000110;15084.269531;7063.660156;11.603285;5.433585;0.000163;11835.650391;13552.000000;9.104346;10.424616;0.004681;420932.312500;1299.000000;323.794098;0.999231;0.000108;7195.120117;5598.930176;5.534708;4.306869
1400;0.000119;16476.500000;7645.109863;11.768929;5.460793;0.000179;12895.589844;14752.000000;9.211136;10.537143;0.005780;488203.406250;1399.000000;348.716705;0.999286;0.000115;7817.109863;5978.290039;5.583650;4.270207
1500;0.000135;17888.589844;8371.860352;11.925727;5.581240;0.000195;13959.169922;15952.000000;9.306113;10.634666;0.007080;560414.687500;1499.000000;373.609772;0.999333;0.000125;8357.690430;6518.439941;5.571794;4.345627
1600;0.000146;19106.320312;9169.809570;11.941450;5.731131;0.000219;15040.480469;17152.000000;9.400300;10.720000;0.008611;639582.187500;1599.000000;399.738861;0.999375;0.000139;8994.269531;7013.779785;5.621419;4.383613
1700;0.000146;20694.500000;9649.690430;12.173235;5.676288;0.000218;16125.429688;18352.000000;9.485547;10.795294;0.010220;723327.187500;1699.000000;425.486603;0.999412;0.000142;9794.959961;7490.870117;5.761741;4.406394
1800;0.000159;21968.339844;10304.379883;12.204634;5.724656;0.000236;17219.500000;19552.000000;9.566389;10.862223;0.012084;808897.500000;1799.000000;449.387512;0.999444;0.000158;10378.169922;8032.169922;5.765650;4.462317
1900;0.000168;23428.830078;11053.660156;12.330963;5.817716;0.000245;18316.320312;20752.000000;9.640168;10.922105;0.014084;901184.312500;1899.000000;474.307526;0.999474;0.000161;11095.150391;8410.709961;5.839552;4.426690
2000;0.000179;24752.460938;11752.719727;12.376230;5.876360;0.000263;19413.330078;21952.000000;9.706665;10.976000;0.016348;998817.437500;1999.000000;499.408722;0.999500;0.000176;11706.299805;9066.679688;5.853150;4.533340
2100;0.000192;26357.820312;12296.719727;12.551343;5.855581;0.000286;20528.960938;23204.000000;9.775695;11.049523;0.018897;1099853.625000;2099.000000;523.739807;0.999524;0.000184;12353.099609;9340.219727;5.882429;4.447724
2200;0.000209;27808.050781;13055.929688;12.640022;5.934514;0.000320;21675.890625;24504.000000;9.852677;11.138182;0.021849;1211576.500000;2199.000000;550.716553;0.999545;0.000206;13082.780273;9926.129883;5.946718;4.511877
2300;0.000211;29277.630859;13746.040039;12.729404;5.976539;0.000322;22823.300781;25804.000000;9.923174;11.219131;0.024950;1322222.250000;2299.000000;574.879211;0.999565;0.000209;13874.240234;10551.299805;6.032278;4.587522
2400;0.000221;31305.830078;14786.280273;13.044096;6.160950;0.000325;23966.619141;27104.000000;9.986092;11.293333;0.028470;1438722.125000;2399.000000;599.467529;0.999583;0.000216;14659.820312;11076.509766;6.108258;4.615212
2500;0.000271;32444.070312;15171.669922;12.977628;6.068668;0.000415;25115.300781;28404.000000;10.046120;11.361600;0.032990;1565123.375000;2499.000000;626.049316;0.999600;0.000249;15295.540039;11550.759766;6.118216;4.620304
2600;0.000253;33991.539062;15912.339844;13.073669;6.120131;0.000373;26265.580078;29704.000000;10.102146;11.424616;0.037272;1689914.375000;2599.000000;649.967102;0.999615;0.000241;15985.599609;12185.429688;6.148308;4.686704
2700;0.000248;35632.148438;16723.250000;13.197093;6.193796;0.000373;27424.490234;31004.000000;10.157219;11.482963;0.041465;1821670.125000;2699.000000;674.692627;0.999630;0.000239;16664.009766;12576.750000;6.171855;4.658056
2800;0.000256;36824.160156;17150.519531;13.151485;6.125185;0.000378;28588.880859;32304.000000;10.210315;11.537143;0.045947;1957493.000000;2799.000000;699.104614;0.999643;0.000252;17386.919922;13116.230469;6.209614;4.684368
2900;0.000291;38554.390625;17837.119141;13.294618;6.150731;0.000422;29748.759766;33604.000000;10.258193;11.587586;0.051193;2101144.000000;2899.000000;724.532410;0.999655;0.000270;18111.119141;13577.259766;6.245214;4.681814
3000;0.000279;40173.691406;18533.240234;13.391230;6.177747;0.000404;30921.759766;34904.000000;10.307253;11.634666;0.056234;2251032.250000;2999.000000;750.344116;0.999667;0.000268;18816.470703;14165.099609;6.272157;4.721700
3100;0.000384;41656.710938;19234.039062;13.437649;6.204529;0.000421;32090.169922;36204.000000;10.351667;11.678710;0.061941;2397727.000000;3099.000000;773.460327;0.999677;0.000280;19745.109375;14781.450195;6.369390;4.768209
3200;0.000327;43687.339844;20209.900391;13.652294;6.315594;0.000478;33273.230469;37504.000000;10.397884;11.720000;0.068451;2558381.000000;3199.000000;799.494080;0.999687;0.000307;20351.210938;15412.370117;6.359753;4.816366
3300;0.000331;45044.878906;20709.349609;13.649963;6.275560;0.000491;34463.199219;38804.000000;10.443394;11.758788;0.075097;2716271.250000;3299.000000;823.112549;0.999697;0.000311;21166.640625;15666.349609;6.414134;4.747379
3400;0.000351;46676.480469;21482.470703;13.728376;6.318374;0.000517;35649.140625;40104.000000;10.485042;11.795294;0.082474;2886461.500000;3399.000000;848.959229;0.999706;0.000325;21436.089844;15981.169922;6.304732;4.700344
3500;0.000333;48236.859375;22347.019531;13.781960;6.384863;0.000492;36845.898438;41404.000000;10.527400;11.829714;0.089478;3063608.750000;3499.000000;875.316772;0.999714;0.000324;22518.369141;16575.970703;6.433820;4.735991
3600;0.000392;49714.210938;22666.210938;13.809503;6.296169;0.000574;38033.500000;42704.000000;10.564861;11.862223;0.098296;3241596.250000;3599.000000;900.443359;0.999722;0.000369;23166.279297;17241.929688;6.435078;4.789425
3700;0.000349;51424.878906;23611.820312;13.898616;6.381573;0.000509;39231.468750;44004.000000;10.603100;11.892973;0.106024;3417483.000000;3699.000000;923.644043;0.999730;0.000335;24048.919922;17894.349609;6.499708;4.836311
3800;0.000354;52768.421875;24243.419922;13.886426;6.379848;0.000518;40422.441406;45304.000000;10.637485;11.922105;0.114068;3604927.250000;3799.000000;948.665100;0.999737;0.000341;24720.640625;18300.509766;6.505432;4.815924
3900;0.000378;55151.101562;25666.099609;14.141308;6.581051;0.000551;41626.789062;46604.000000;10.673536;11.949743;0.122640;3795195.750000;3899.000000;973.127136;0.999744;0.000358;25592.500000;18934.380859;6.562180;4.854969
4000;0.000375;56870.179688;25895.640625;14.217545;6.473910;0.000546;42827.500000;47904.000000;10.706875;11.976000;0.131526;3993357.750000;3999.000000;998.339417;0.999750;0.000358;26214.400391;19216.789062;6.553600;4.804197
4100;0.000401;58381.921875;26776.839844;14.239492;6.530937;0.000562;44022.789062;49208.000000;10.737266;12.001951;0.140903;4197973.000000;4099.000000;1023.895874;0.999756;0.000374;26983.439453;19856.890625;6.581327;4.843144
4200;0.000388;60105.781250;27242.470703;14.310900;6.486302;0.000568;45265.839844;50608.000000;10.777581;12.049523;0.150728;4403104.500000;4199.000000;1048.358154;0.999762;0.000376;27925.189453;20634.359375;6.648855;4.912943
4300;0.000396;61051.859375;27768.500000;14.198107;6.457791;0.000588;46500.210938;52008.000000;10.814002;12.094884;0.160911;4611611.000000;4299.000000;1072.467651;0.999767;0.000384;28860.320312;21213.619141;6.711702;4.933400
4400;0.000415;63616.351562;28961.759766;14.458261;6.582218;0.000610;47743.191406;53408.000000;10.850725;12.138182;0.171657;4823088.500000;4399.000000;1096.156494;0.999773;0.000396;29509.570312;21525.599609;6.706720;4.892182
4500;0.000421;65006.601562;29472.320312;14.445911;6.549405;0.000620;48983.160156;54808.000000;10.885147;12.179556;0.182853;5062792.500000;4499.000000;1125.064941;0.999778;0.000400;29975.550781;21783.679688;6.661233;4.840818
4600;0.000446;67210.351562;30556.179688;14.610946;6.642648;0.000644;50230.910156;56208.000000;10.919763;12.219131;0.194792;5292364.000000;4599.000000;1150.513916;0.999783;0.000421;30777.230469;22548.259766;6.690702;4.901796
4700;0.000451;68354.617188;31125.250000;14.543536;6.622394;0.000662;51478.449219;57608.000000;10.952862;12.257021;0.207224;5517952.000000;4699.000000;1174.032349;0.999787;0.000434;31785.449219;23188.500000;6.762862;4.933723
4800;0.000455;69836.296875;31294.619141;14.549230;6.519712;0.000665;52726.000000;59008.000000;10.984583;12.293333;0.219957;5750361.500000;4799.000000;1197.991943;0.999792;0.000435;32196.880859;23720.089844;6.707684;4.941685
4900;0.000466;71845.406250;32372.220703;14.662329;6.606575;0.000685;53980.171875;60408.000000;11.016361;12.328163;0.233352;6001809.500000;4899.000000;1224.859009;0.999796;0.000447;33324.578125;24232.589844;6.800935;4.945426
5000;0.000485;73979.640625;33325.261719;14.795928;6.665052;0.000703;55217.921875;61808.000000;11.043584;12.361600;0.247254;6236302.500000;4999.000000;1247.260498;0.999800;0.000459;34096.460938;24943.689453;6.819292;4.988738
5100;0.000492;76051.429688;34163.929688;14.912045;6.698810;0.000705;56475.511719;63208.000000;11.073629;12.393725;0.261669;6506562.500000;5099.000000;1275.796631;0.999804;0.000470;35040.011719;25525.669922;6.870590;5.005033
5200;0.000505;77999.273438;34978.781250;14.999860;6.726688;0.000725;57735.480469;64608.000000;11.102977;12.424616;0.276976;6750349.000000;5199.000000;1298.144043;0.999808;0.000518;35534.691406;25832.019531;6.833594;4.967696
5300;0.000509;80185.460938;35547.808594;15.129333;6.707134;0.000733;58984.328125;66008.000000;11.129119;12.454340;0.292476;7018768.000000;5299.000000;1324.295898;0.999811;0.000478;36310.718750;26294.099609;6.851079;4.961151
5400;0.000528;81235.421875;36121.410156;15.043596;6.689150;0.000764;60246.960938;67408.000000;11.156844;12.482963;0.308992;7282563.000000;5399.000000;1348.622803;0.999815;0.000495;37229.789062;27267.910156;6.894405;5.049613
5500;0.000542;83179.093750;37067.031250;15.123471;6.739460;0.000781;61518.988281;68808.000000;11.185271;12.510546;0.326250;7549945.500000;5499.000000;1372.717407;0.999818;0.000508;37957.050781;27712.869141;6.901282;5.038703
5600;0.000544;84644.812500;37278.308594;15.115145;6.656841;0.001212;62773.199219;70208.000000;11.209500;12.537143;0.343887;7824118.000000;5599.000000;1397.163940;0.999821;0.000524;38551.710938;28059.330078;6.884234;5.010595
5700;0.000588;86980.640625;38395.328125;15.259762;6.736023;0.000854;64036.578125;71608.000000;11.234488;12.562807;0.363393;8113739.500000;5699.000000;1423.463013;0.999825;0.000556;39191.921875;28518.660156;6.875775;5.003273
5800;0.000590;88621.539062;38176.621094;15.279576;6.582176;0.000872;65310.308594;73008.000000;11.260398;12.587586;0.383251;8400321.000000;5799.000000;1448.331299;0.999828;0.000561;40532.808594;29148.250000;6.988416;5.025560
5900;0.000736;90129.562500;39458.109375;15.276196;6.687815;0.000864;66573.773438;74408.000000;11.283689;12.611526;0.403469;8692042.000000;5899.000000;1473.227417;0.999830;0.000563;41391.808594;29683.179688;7.015561;5.031047
6000;0.000636;92944.726562;40883.789062;15.490788;6.813965;0.000911;67833.210938;75808.000000;11.305535;12.634666;0.425491;8986766.000000;5999.000000;1497.794312;0.999833;0.000600;41412.679688;30207.199219;6.902113;5.034534
6100;0.000677;95155.148438;41869.808594;15.599205;6.863903;0.000951;69099.773438;77208.000000;11.327831;12.657049;0.449405;9292492.000000;6099.000000;1523.359253;0.999836;0.000614;42992.960938;30903.529297;7.048026;5.066153
6200;0.000676;96105.492188;41048.769531;15.500885;6.620770;0.000932;70383.093750;78608.000000;11.352111;12.678710;0.473168;9601285.000000;6199.000000;1548.594360;0.999839;0.000611;43883.000000;31232.869141;7.077903;5.037560
6300;0.000651;98890.632812;42788.519531;15.696925;6.791829;0.000934;71666.179688;80008.000000;11.375585;12.699682;0.496669;9917614.000000;6299.000000;1574.224487;0.999841;0.000604;44983.851562;32216.509766;7.140294;5.113732
6400;0.000700;100850.398438;44271.000000;15.757875;6.917344;0.000994;72952.382812;81408.000000;11.398809;12.720000;0.522216;10221521.000000;6399.000000;1597.112549;0.999844;0.000643;45070.601562;32600.939453;7.042281;5.093897
6500;0.000726;101902.828125;43745.378906;15.677359;6.730059;0.001023;74238.273438;82808.000000;11.421272;12.739693;0.548750;10534245.000000;6499.000000;1620.653076;0.999846;0.000659;45699.960938;32894.929688;7.030763;5.060759
6600;0.000660;104256.742188;45256.031250;15.796475;6.856974;0.000954;75519.039062;84208.000000;11.442279;12.758788;0.573535;10883072.000000;6599.000000;1648.950317;0.999848;0.000623;46691.078125;33617.761719;7.074406;5.093600
6700;0.000813;105877.687500;45820.351562;15.802640;6.838858;0.001127;76816.976562;85608.000000;11.465220;12.777313;0.603075;11204168.000000;6699.000000;1672.263794;0.999851;0.000720;47752.140625;34686.500000;7.127185;5.177090
6800;0.000753;107271.320312;46707.421875;15.775194;6.868738;0.001074;78097.679688;87008.000000;11.484953;12.795294;0.631720;11550653.000000;6799.000000;1698.625488;0.999853;0.000685;48140.230469;34660.078125;7.079445;5.097071
6900;0.000744;110026.937500;47239.410156;15.945933;6.846292;0.001063;79382.953125;88408.000000;11.504775;12.812754;0.661118;11885266.000000;6899.000000;1722.502319;0.999855;0.000686;49706.851562;35731.359375;7.203891;5.178458
7000;0.000743;112043.929688;47728.019531;16.006275;6.818289;0.001053;80667.460938;89808.000000;11.523923;12.829714;0.690323;12245161.000000;6999.000000;1749.308716;0.999857;0.000679;49778.191406;35735.828125;7.111170;5.105119
7100;0.000752;113937.000000;49026.121094;16.047464;6.905087;0.001084;81964.312500;91208.000000;11.544269;12.846197;0.720935;12576147.000000;7099.000000;1771.288330;0.999859;0.000705;50556.109375;36524.980469;7.120579;5.144363
7200;0.000737;115804.039062;49769.109375;16.083895;6.912376;0.001065;83244.906250;92608.000000;11.561793;12.862223;0.751011;12945459.000000;7199.000000;1797.980469;0.999861;0.000687;51822.058594;37395.191406;7.197508;5.193777
7300;0.000726;118157.828125;50774.890625;16.186005;6.955464;0.001039;84548.437500;94008.000000;11.581978;12.877809;0.780585;13321850.000000;7299.000000;1824.910889;0.999863;0.000682;52595.628906;37867.011719;7.204881;5.187262
7400;0.000756;120933.218750;51259.039062;16.342327;6.926898;0.001084;85848.093750;95408.000000;11.601093;12.892973;0.812441;13680946.000000;7399.000000;1848.776489;0.999865;0.000728;53734.808594;38140.250000;7.261461;5.154088
7500;0.000783;122570.226562;52133.191406;16.342697;6.951092;0.001107;87147.468750;96808.000000;11.619662;12.907733;0.846035;14031318.000000;7499.000000;1870.842407;0.999867;0.000733;54039.750000;38709.031250;7.205300;5.161204
7600;0.000772;124458.453125;51980.210938;16.376112;6.839501;0.001116;88451.593750;98208.000000;11.638367;12.922105;0.878762;14403142.000000;7599.000000;1895.150269;0.999868;0.000724;55128.859375;39280.679688;7.253798;5.168510
7700;0.000759;126469.117188;53632.808594;16.424561;6.965300;0.001094;89737.406250;99608.000000;11.654209;12.936104;0.911236;14797156.000000;7699.000000;1921.708496;0.999870;0.000718;55681.531250;39826.390625;7.231368;5.172258
7800;0.000778;128618.328125;53812.031250;16.489529;6.898978;0.001123;91039.929688;101008.000000;11.671786;12.949743;0.945191;15197234.000000;7799.000000;1948.363281;0.999872;0.000738;57224.089844;40577.171875;7.336422;5.202201
7900;0.000812;130485.429688;54890.339844;16.517143;6.948144;0.001153;92338.000000;102408.000000;11.688354;12.963038;0.980477;15600191.000000;7899.000000;1974.707642;0.999873;0.000749;57500.468750;40893.179688;7.278541;5.176352
8000;0.000813;132650.625000;55417.988281;16.581327;6.927249;0.001159;93643.593750;103808.000000;11.705449;12.976000;1.016724;15959766.000000;7999.000000;1994.970703;0.999875;0.000769;58267.218750;41380.789062;7.283402;5.172599
8100;0.000825;134338.093750;56236.230469;16.584949;6.942744;0.001166;94942.078125;105208.000000;11.721245;12.988642;1.053954;16378885.000000;8099.000000;2022.084595;0.999877;0.000770;59211.160156;42410.890625;7.310020;5.235912
8200;0.000845;136488.265625;57294.500000;16.644909;6.987134;0.001206;96240.531250;106616.000000;11.736650;13.001951;1.092223;16775204.000000;8199.000000;2045.756592;0.999878;0.000782;60891.441406;43291.671875;7.425786;5.279472
8300;0.000891;138282.765625;57947.531250;16.660574;6.981630;0.001265;97578.296875;108116.000000;11.756422;13.026024;1.133962;17197588.000000;8299.000000;2071.998535;0.999880;0.000824;61253.769531;43512.980469;7.379972;5.242527
8400;0.000883;141538.656250;57776.789062;16.849840;6.878189;0.001275;98917.117188;109616.000000;11.775847;13.049523;1.175786;17617168.000000;8399.000000;2097.281982;0.999881;0.000824;62211.398438;44200.441406;7.406119;5.261957
8500;0.000882;142413.703125;58987.851562;16.754555;6.939747;0.001296;100265.492188;111116.000000;11.795940;13.072471;1.217120;18017388.000000;8499.000000;2119.692627;0.999882;0.000817;62642.851562;44647.328125;7.369747;5.252627
8600;0.000897;145665.625000;60301.851562;16.937864;7.011843;0.001302;101597.828125;112616.000000;11.813702;13.094884;1.260068;18467292.000000;8599.000000;2147.359619;0.999884;0.000824;63283.429688;45154.730469;7.358538;5.250550
8700;0.000900;146012.375000;60065.480469;16.783031;6.904078;0.001285;102943.039062;114116.000000;11.832533;13.116781;1.303963;18917068.000000;8699.000000;2174.375732;0.999885;0.000839;64281.218750;45611.890625;7.388646;5.242746
8800;0.000902;149594.906250;60758.558594;16.999422;6.904382;0.001306;104282.226562;115616.000000;11.850253;13.138182;1.348396;19332376.000000;8799.000000;2196.860840;0.999886;0.000850;65657.710938;46182.480469;7.461103;5.248009
8900;0.000992;151015.406250;60997.449219;16.968023;6.853646;0.001399;105628.156250;117116.000000;11.868333;13.159101;1.398491;19775670.000000;8899.000000;2221.985352;0.999888;0.000914;66429.226562;46881.160156;7.463958;5.267546
9000;0.000950;153692.546875;63322.238281;17.076950;7.035804;0.001340;106984.718750;118616.000000;11.887191;13.179556;1.445950;20253278.000000;8999.000000;2250.364258;0.999889;0.000863;66321.367188;46934.921875;7.369041;5.214991
9100;0.000942;156304.234375;63728.921875;17.176289;7.003178;0.001366;108316.796875;120116.000000;11.902946;13.199560;1.494438;20644764.000000;9099.000000;2268.655518;0.999890;0.000877;68832.671875;48564.058594;7.564030;5.336710
9200;0.000968;157526.687500;64116.851562;17.122467;6.969223;0.001359;109658.921875;121616.000000;11.919448;13.219131;1.542923;21146370.000000;9199.000000;2298.518555;0.999891;0.000889;68854.953125;48655.519531;7.484234;5.288643
9300;0.000964;160465.218750;65767.703125;17.254324;7.071795;0.001363;111010.109375;123116.000000;11.936571;13.238279;1.591857;21586018.000000;9299.000000;2321.077148;0.999892;0.000893;69681.289062;49523.828125;7.492612;5.325143
9400;0.000989;162369.984375;65090.578125;17.273401;6.924530;0.001400;112352.312500;124616.000000;11.952374;13.257021;1.642426;22072686.000000;9399.000000;2348.158203;0.999894;0.000915;70523.203125;49718.550781;7.502468;5.289207
9500;0.001012;164973.375000;67386.867188;17.365620;7.093355;0.001411;113700.296875;126116.000000;11.968452;13.275369;1.694480;22526484.000000;9499.000000;2371.208984;0.999895;0.000915;71618.351562;50435.140625;7.538774;5.308962
9600;0.001029;166935.265625;67118.218750;17.389090;6.991481;0.001459;115059.367188;127616.000000;11.985351;13.293333;1.748361;23009804.000000;9599.000000;2396.854736;0.999896;0.000940;72355.789062;51348.058594;7.537062;5.348756
9700;0.001010;169299.000000;68668.179688;17.453505;7.079194;0.001415;116393.468750;129116.000000;11.999327;13.310927;1.801593;23489652.000000;9699.000000;2421.613525;0.999897;0.000927;72882.257812;51596.820312;7.513635;5.319260
9800;0.001003;172022.046875;69125.851562;17.553270;7.053658;0.001424;117733.273438;130616.000000;12.013599;13.328163;1.855406;23984748.000000;9799.000000;2447.423096;0.999898;0.000956;73590.679688;51755.718750;7.509253;5.281196
9900;0.001015;172707.921875;69835.460938;17.445244;7.054087;0.001455;119095.539062;132116.000000;12.029853;13.345051;1.910640;24469504.000000;9899.000000;2471.666992;0.999899;0.000948;74298.898438;52820.359375;7.504940;5.335390
10000;0.001033;177783.000000;71803.906250;17.778299;7.180391;0.001461;120438.226562;133616.000000;12.043823;13.361600;1.967115;24987384.000000;9999.000000;2498.738525;0.999900;0.000951;76068.062500;53371.011719;7.606806;5.337101
